A 6 2 4 2 4 3 2
A 5 2 4 2 4 3
B 7 2 1 3 1 0 2 0
B 7 2 1 3 4 2 4 2
B 7 2 1 3 1 3 2 3
C 10 2 1 3 4 2 1 2 4 3 1
C 7 2 1 3 2 1 2 4
C 8 2 1 3 2 1 2 3 1
D 5 2 1 3 2 3
D 5 2 4 3 4 2
E 3 1 0 1
E 2 1 2
F 2 1 0
F 2 1 2
G 7 2 4 2 1 2 3 1
G 7 2 1 3 2 4 3 4
H 3 3 2 0
H 4 3 4 2 4
I 1 1
I 2 1 2
J 2 1 2
K 4 4 3 1 3
K 5 4 3 4 2 4
L 2 2 1
M 4 3 2 6 4
M 6 3 4 6 8 6 4
N 3 3 2 4
N 4 3 4 6 4
O 6 2 4 3 2 3 4
P 5 2 1 0 2 0
P 5 2 1 3 4 2
P 5 2 1 3 2 3
Q 6 2 4 3 2 3 4
R 5 2 1 3 1 3
R 6 2 1 3 4 2 4
S 10 2 1 3 1 2 1 3 2 0 1
S 8 2 1 3 4 2 4 2 1
S 9 2 4 1 2 1 3 2 3 1
T 3 1 0 1
T 3 2 1 0
U 4 3 2 3 4
U 4 3 4 3 4
V 5 4 3 2 3 4
V 4 3 2 3 4
W 5 5 4 5 6 8
W 6 6 4 5 6 8 6
W 5 5 4 5 6 8
X 7 3 2 3 4 2 4 3
X 5 4 3 4 2 4
X 4 4 2 4 3
Y 4 3 2 3 4
Z 5 1 0 1 2 1
Z 2 1 2
Z 4 2 1 2 1